        0.01   1.2672e-25      0.99951 -6.77626e-25 -1.18585e-24 -2.68834e-28            1 -2.03288e-24  3.47284e-24 -1.58819e-24            1   2.5411e-23      -0.0981 -2.71051e-22 -4.74338e-22 -1.07533e-25 -4.06576e-22  6.94567e-22 -3.17637e-22
        0.02  5.02886e-25     0.998038 -2.71051e-24 -4.65868e-24 -1.07533e-27            1 -8.13152e-24  1.37219e-23 -6.26804e-24            1   5.0822e-23      -0.1962 -5.42101e-22 -9.14796e-22 -2.15067e-25 -8.13152e-22  1.35525e-21 -6.18334e-22
        0.03  1.09576e-24     0.995586 -5.92923e-24 -1.03762e-23  -2.4195e-27            1 -1.79571e-23  3.07473e-23 -1.39972e-23            1  7.19978e-23      -0.2943 -7.45389e-22 -1.37219e-21   -3.226e-25 -1.15196e-21  2.04982e-21 -9.27501e-22
        0.04  1.86629e-24     0.992152 -1.01644e-23  -1.8423e-23 -4.28066e-27            1 -3.11708e-23   5.4803e-23 -2.48604e-23            1  9.31736e-23      -0.3924 -9.48677e-22 -1.84653e-21 -4.21862e-25 -1.49078e-21  2.76133e-21 -1.24514e-21
        0.05  2.85365e-24     0.987738 -1.55854e-23 -2.87991e-23 -6.64846e-27            1 -4.81115e-23  8.58891e-23 -3.88153e-23            1  1.27055e-22      -0.4905 -1.21973e-21 -2.30393e-21  -5.2526e-25 -1.89735e-21  3.45589e-21 -1.54584e-21
        0.06  4.08779e-24     0.982342 -2.25311e-23 -4.14623e-23 -9.51258e-27            1 -6.87791e-23  1.23836e-22 -5.57136e-23            1  1.60936e-22      -0.5886 -1.55854e-21 -2.76133e-21 -6.20385e-25 -2.23617e-21  4.13352e-21 -1.83383e-21
        0.07  5.50543e-24     0.975966 -3.07473e-23 -5.64547e-23 -1.28833e-26            1 -9.21572e-23  1.68729e-22 -7.55342e-23            1  1.90582e-22      -0.6867 -1.72795e-21 -3.23567e-21 -7.27919e-25 -2.43945e-21  4.84503e-21 -2.13029e-21
        0.08  7.12102e-24     0.968608 -4.03188e-23 -7.38189e-23 -1.67918e-26            1 -1.18585e-22  2.20652e-22 -9.83405e-23            1  2.37169e-22      -0.7848 -2.10064e-21    -3.71e-21 -8.35452e-25 -2.84603e-21   5.5396e-21 -2.43098e-21
        0.09  8.93847e-24      0.96027 -5.14996e-23 -9.35124e-23 -2.12172e-26            1   -1.484e-22  2.79436e-22 -1.24133e-22            1  2.79521e-22      -0.8829 -2.37169e-21  -4.1674e-21 -9.34714e-25 -3.11708e-21  6.21722e-21 -2.72745e-21
         0.1  1.08698e-23      0.95095 -6.38663e-23 -1.15535e-22 -2.61699e-26            1 -1.80926e-22  3.45251e-22 -1.52974e-22            1  3.21873e-22       -0.981 -2.57498e-21 -4.64174e-21 -1.04638e-24 -3.38813e-21  6.94567e-21 -3.04085e-21
        0.11  1.29503e-23      0.94065 -7.74188e-23  -1.3993e-22 -3.17017e-26            1  -2.1684e-22  4.18265e-22 -1.84886e-22            1    3.854e-22      -1.0791 -2.84603e-21 -5.11608e-21 -1.16632e-24 -3.79471e-21  7.65718e-21 -3.34154e-21
        0.12  1.52476e-23     0.929368 -9.24113e-23 -1.66696e-22 -3.78022e-26            1  -2.5682e-22  4.98309e-22 -2.19805e-22            1  4.57398e-22      -1.1772 -3.15096e-21 -5.59042e-21 -1.27386e-24 -4.20128e-21  8.35174e-21 -3.64224e-21
        0.13  5.53991e-08     0.929973  1.71464e-06  1.55944e-06 -4.26996e-08            1  6.20492e-06  0.000176171    0.0123185      1.00002  7.20148e-06     -1.13451  0.000685855  0.000623776 -1.70798e-05   0.00124098    0.0352343      2.46371
        0.14  1.70559e-07     0.929725  5.15072e-06  2.06739e-06  8.32002e-07            1  1.81687e-05  0.000375855      0.03926     0.999996 -1.05304e-06     -1.09478  0.000688578 -0.000420597  0.000366962   0.00115178   0.00470252      2.92459
        0.15  2.90827e-07     0.929138  8.52051e-06 -4.75414e-06  3.96022e-06            1  2.89564e-05  4.71192e-05    0.0701443     0.999937 -1.39165e-05     -1.05858   0.00065933  -0.00230801  0.000884342   0.00100576   -0.0704498      3.25227
    0.159999  4.13124e-07     0.928131  1.17844e-05   -2.058e-05  9.99556e-06            1  3.84301e-05  -0.00125756     0.104689     0.999862 -3.18719e-05     -1.02659  0.000646206  -0.00402233   0.00152984  0.000888978    -0.190487      3.65671
    0.169998  5.39039e-07     0.926584  1.49951e-05 -4.09676e-05  1.96634e-05            1  4.67452e-05  -0.00400272      0.14385     0.999811 -5.65163e-05    -0.999689  0.000638091  -0.00413268   0.00233735  0.000774035    -0.358545      4.17546
    0.179997  6.70982e-07     0.924325  1.81414e-05 -5.34753e-05  3.38683e-05            1  5.37661e-05  -0.00868668     0.188905     0.999853 -8.97034e-05    -0.978823  0.000620551 -0.000870348   0.00334465  0.000630152    -0.578246      4.83559
    0.189998  8.12883e-07      0.92109   2.1145e-05  -3.6394e-05   5.3737e-05            1  5.90908e-05   -0.0158427     0.241469      1.00008 -0.000133492    -0.965023  0.000581564   0.00770297   0.00460264  0.000434779    -0.852964      5.67716
    0.200001  9.72552e-07      0.91647   2.3878e-05  4.14825e-05    8.075e-05            1  6.21604e-05   -0.0260338     0.303688       1.0006 -0.000190279    -0.959341  0.000513703    0.0234478   0.00620186  0.000179136     -1.18525      6.76665
    0.210009  1.16656e-06     0.909786  2.61921e-05  0.000219627  0.000117083            1  6.24438e-05   -0.0398409       0.3786      1.00154 -0.000263214     -0.96285  0.000417069    0.0478102   0.00832966 -0.000122455     -1.57617      8.21572
    0.220025  1.42949e-06     0.899875  2.79611e-05  0.000542509  0.000166346            1  5.97381e-05    -0.057842     0.470709      1.00302 -0.000357214    -0.976748  0.000301317    0.0813434    0.0113723 -0.000418675     -2.02403      10.2061
    0.230044  1.78323e-06     0.889575  2.89821e-05  0.000939312  0.000228862            1  5.53185e-05   -0.0779642     0.572568      1.00385 -0.000481774     -1.08025  0.000119952    0.0773785    0.0136297  -0.00046525     -2.00042      10.1658
    0.240061  2.21158e-06     0.878234  2.90943e-05    0.0013139  0.000301281     0.999999  5.06072e-05   -0.0978294     0.673997      1.00477 -0.000627651      -1.1835 -6.80003e-05    0.0724574    0.0153337 -0.000477017     -1.97262      10.1199
    0.250077  2.68595e-06     0.865854  2.82841e-05    0.0016619  0.000381027     0.999999  4.59187e-05    -0.117398     0.774944      1.00576 -0.000788645     -1.28647  -0.00025603    0.0667453    0.0165602 -0.000460669     -1.94116      10.0695
    0.260091  3.18253e-06     0.852439  2.65638e-05   0.00197981  0.000465933     0.999998  4.15021e-05    -0.136637     0.875369      1.00679 -0.000959399     -1.38914 -0.000440074    0.0604191    0.0173978 -0.000422649     -1.90662      10.0155
    0.270103  3.68229e-06     0.837993  2.39606e-05   0.00226501  0.000554272     0.999997  3.75459e-05    -0.155518     0.975242      1.00786  -0.00113551      -1.4915 -0.000618034    0.0536606    0.0179325 -0.000368597     -1.86957      9.95917
    0.280113  4.17048e-06      0.82252  2.05082e-05   0.00251578  0.000644716     0.999997   3.4187e-05    -0.174019      1.07455      1.00893  -0.00131349     -1.59353 -0.000789243    0.0466511    0.0182397 -0.000303194     -1.83058      9.90151
    0.290122  4.63588e-06     0.806024  1.62415e-05   0.00273132  0.000736283     0.999996  3.15196e-05    -0.192123      1.17327      1.00999  -0.00149066     -1.69522  -0.00095399    0.0395668     0.018381 -0.000230267     -1.79023      9.84349
    0.300128  5.07007e-06     0.788508   1.1192e-05   0.00291167  0.000828264     0.999995  2.96033e-05    -0.209819      1.27142      1.01101  -0.00166496     -1.79658  -0.00111317    0.0325749    0.0184046 -0.000153005     -1.74903      9.78599
    0.310132  5.46667e-06     0.769977  5.38548e-06   0.00305768  0.000920159     0.999995  2.84671e-05    -0.227102        1.369      1.01199  -0.00183483      -1.8976  -0.00126807    0.0258313    0.0183462 -7.42397e-05     -1.70751      9.72977
    0.320135  5.82078e-06     0.750435 -1.15977e-06   0.00317094   0.00101162     0.999994  2.81122e-05     -0.24397      1.46602      1.01291  -0.00199906     -1.99829  -0.00142019    0.0194785    0.0182314  3.26066e-06     -1.66615      9.67549
    0.330137   6.1284e-06     0.729885 -8.43422e-06   0.00325374   0.00110242     0.999994  2.85109e-05    -0.260428      1.56252      1.01377  -0.00215669     -2.09865  -0.00157122    0.0136446    0.0180771  7.64901e-05     -1.62538      9.62369
   0.340137 6.38606e-06    0.708333 -1.6438e-05  0.00330895  0.00119237    0.999994 2.96028e-05   -0.276483     1.65851     1.01455  -0.0023069    -2.19869 -0.00172299  0.00844274   0.0178927 0.000141884    -1.58562     9.57479
    0.350137  6.59037e-06      0.68578 -2.51818e-05   0.00333998   0.00128133     0.999994  3.12871e-05    -0.292147      1.75403      1.01526  -0.00244893     -2.29841  -0.00187747    0.0039707    0.0176816  0.000194969     -1.54724      9.52914
   0.360135 6.73763e-06    0.662232 -3.4688e-05  0.00335067  0.00136917    0.999993 3.34117e-05   -0.307436     1.84911      1.0159   -0.002582    -2.39782 -0.00203686 0.000310606   0.0174414 0.000229964     -1.5106     9.48696
    0.370133  6.82352e-06      0.63769 -4.49918e-05   0.00334526   0.00145572     0.999993  3.57581e-05     -0.32237      1.94379      1.01649  -0.00270525     -2.49693  -0.00220357  -0.00247107     0.017164  0.000239319     -1.47602      9.44839
    0.380131  6.84263e-06      0.61216 -5.61423e-05   0.00332826   0.00154076     0.999993  3.80206e-05    -0.336969       2.0381      1.01703  -0.00281766     -2.59574  -0.00238031  -0.00432366    0.0168356  0.000213182      -1.4438      9.41351
    0.390128  6.78808e-06     0.585643 -6.82047e-05    0.0033044   0.00162398     0.999993  3.97805e-05    -0.351259      2.13208      1.01754  -0.00291797     -2.69427   -0.0025701  -0.00521249    0.0164362  0.000138796     -1.41419      9.38233
    0.400125    6.651e-06     0.558142 -8.12612e-05   0.00327856   0.00170496     0.999993   4.0474e-05    -0.365267      2.22576      1.01805   -0.0030046     -2.79253   -0.0027763  -0.00511914    0.0159392 -1.13273e-07     -1.38745      9.35478
    0.410122  6.42005e-06     0.529661  -9.5413e-05   0.00325564   0.00178314     0.999993  3.93539e-05    -0.379023      2.31919      1.01858  -0.00307556     -2.89053  -0.00300253  -0.00404179    0.0153105 -0.000223892     -1.36378      9.33078
     0.42012   6.0809e-06     0.500202 -0.000110781   0.00324052   0.00185774     0.999993  3.54483e-05    -0.392559       2.4124      1.01915  -0.00312834     -2.98827  -0.00325252  -0.00199551    0.0145088 -0.000557229     -1.34336      9.31019
    0.430118   5.6158e-06     0.469766 -0.000127505   0.00323798   0.00192778     0.999993   2.7518e-05    -0.405907      2.50541      1.01981  -0.00315982     -3.08578  -0.00352972  0.000987432    0.0134864  -0.00102883     -1.32636      9.29287
    0.440116  5.00337e-06     0.438356 -0.000145741   0.00325256   0.00199203     0.999993  1.40237e-05    -0.419103      2.59827      1.02059  -0.00316618     -3.18308  -0.00383674   0.00485735    0.0121921  -0.00167003     -1.31289      9.27863
    0.450115  4.21884e-06     0.405974 -0.000165655   0.00328854   0.00204902     0.999992 -6.88466e-06    -0.432183        2.691      1.02152  -0.00314286     -3.28017   -0.0041744   0.00954719    0.0105771  -0.00251164     -1.30302       9.2673
    0.460115  3.23493e-06      0.37262  -0.00018741   0.00334981   0.00209703     0.999992 -3.73359e-05    -0.445182      2.78363      1.02264  -0.00308463     -3.37709  -0.00454048    0.0149727    0.0086044  -0.00357861      -1.2968      9.25872
    0.470115  2.02377e-06     0.338297 -0.000211147   0.00343978   0.00213426     0.999992 -7.96413e-05    -0.458137      2.87619      1.02398  -0.00298577     -3.47384  -0.00492846    0.0210331   0.00626186  -0.00488248     -1.29423      9.25273
    0.480116  5.59885e-07     0.303005 -0.000236959   0.00356134   0.00215892     0.999991 -0.000136117    -0.471085      2.96869      1.02558  -0.00284048     -3.57046  -0.00532651    0.0276118    0.0035769  -0.00641261     -1.29526      9.24919
    0.490118 -1.17587e-06     0.266744 -0.000264867   0.00371675   0.00216949     0.999991 -0.000208826     -0.48406      3.06118      1.02748   -0.0026435     -3.66696   -0.0057175    0.0345777  0.000627398  -0.00812931      -1.2998      9.24798
     0.50012 -3.19223e-06     0.229515 -0.000294793    0.0039076   0.00216497      0.99999 -0.000299286    -0.497098      3.15367       1.0297  -0.00239092     -3.76338  -0.00608069    0.0417868  -0.00245771  -0.00996258     -1.30771      9.24903
    0.510386 -1.01771e-06     0.217949 -0.000327959    0.0144777    0.0021416     0.999893  -0.00034785    -0.538565      3.21672      1.15038  -0.00199283      -3.1176   0.00199327      4.18647  -0.00561204  0.000249747     -6.98579      3.36271
    0.521316  9.14197e-06     0.210462 -0.000370069    0.0433281   0.00211244     0.999059 -0.000315538    -0.631249      3.25554      1.37636  -0.00189194     -2.70331   0.00593947       7.3589   -0.0017984   0.00621274      -11.551        4.401
    0.532978  2.50881e-05      0.19898 -0.000422656    0.0856544   0.00209297     0.996323 -0.000226302    -0.763164      3.30334      1.65159  -0.00194669     -2.49725   0.00874672      9.60826   0.00168626    0.0116343     -14.8319       5.1593
    0.545112  4.40949e-05     0.182671  -0.00048065     0.137008   0.00207521     0.990568 -8.61249e-05    -0.921945      3.35733      1.95445  -0.00212832     -2.42105    0.0107781      11.0641   0.00275028    0.0164012     -16.9244      5.63758
    0.557259  6.32304e-05     0.161186 -0.000541637     0.193803   0.00204542     0.981038  9.46669e-05     -1.09736      3.41508      2.28012   -0.0023974     -2.39548    0.0120143      11.9745  0.000936239    0.0197572     -18.1579      5.91346
    0.568936    7.986e-05     0.134498 -0.000607616     0.253618   0.00199151     0.967302  0.000298061     -1.28257      3.47527      2.62687  -0.00268296     -2.36834    0.0122527      12.5783  -0.00301058    0.0209216     -18.8838      6.12311
    0.579711  9.17521e-05     0.102635 -0.000683832     0.315009   0.00190724     0.949087   0.00049976     -1.47377      3.53799      2.99137  -0.00289279     -2.31169    0.0113001      13.0405  -0.00790544    0.0194182     -19.3566      6.42211
    0.589184  9.69929e-05    0.0655397 -0.000776301     0.377145   0.00179328     0.926152  0.000672858     -1.66922       3.6047       3.3684  -0.00293464      -2.2117   0.00909918      13.4578   -0.0125304    0.0152014     -19.7336      6.91969
    0.597003   9.4248e-05    0.0249049 -0.000883065     0.438096   0.00165533     0.898926  0.000818422     -1.86299      3.67168      3.73319  -0.00272407     -2.05002   0.00743827      13.2493   -0.0162453    0.0139113     -19.0196      6.47522
   0.602961 8.28353e-05   -0.018286 -0.00100191    0.496431  0.00149815    0.868074 0.000945232    -2.05039     3.73428     4.08312    -0.00228    -1.82991  0.00511174     13.1521   -0.020092   0.0114507    -18.4608     6.04476
   0.606747 6.16729e-05  -0.0637161 -0.00114038    0.553493  0.00133775    0.832852  0.00098783    -2.23823     3.80643     4.42639 -0.00159186    -1.58893 -0.00126122     13.6761  -0.0191534 -0.00293107    -19.1074     8.38505
    0.608091  3.01686e-05    -0.111641  -0.00129448     0.609201   0.00118236     0.793014  0.000944643     -2.42756      3.88812      4.73789 -0.000707064     -1.25765  -0.00404088      13.7241   -0.0200312  -0.00570641     -18.7583       7.9533
    0.606898 -1.17031e-05    -0.161481  -0.00145772     0.662318    0.0010261     0.749221  0.000869342     -2.61394      3.96557      5.00948  0.000325377    -0.878619  -0.00722332      13.8181   -0.0211333  -0.00935373      -18.519      7.53818
    0.602981 -6.45532e-05     -0.21293  -0.00163103     0.712642   0.00087161     0.701525  0.000750888     -2.79839      4.03905       5.2318    0.0014955    -0.456439   -0.0109577      13.9217   -0.0221935    -0.014337     -18.3697      7.15599
    0.595921 -0.000127791    -0.265329  -0.00179063     0.760074  0.000753862     0.649834  0.000547402     -2.98658      4.12486       5.3995    0.0027468   -0.0464743    -0.017474      14.1465  -0.00740062   -0.0263603     -19.2684      10.0062
    0.585668 -0.000200839    -0.318857  -0.00192382     0.804125  0.000672296     0.594457  0.000276184     -3.17923      4.22394      5.50216   0.00325726     0.456298   -0.0187594      14.1638  -0.00605615   -0.0278833     -19.2619      9.81127
    0.572383 -0.000282507    -0.371538  -0.00201947     0.844074  0.000617438     0.536223 -7.07279e-06     -3.37689       4.3324      5.52693   0.00360405     0.948988   -0.0204408      14.0897   0.00865048   -0.0287681     -20.2703      11.8803
    0.556203 -0.000370943    -0.426155  -0.00205259     0.879574  0.000593288     0.475758 -0.000267008      -3.5852      4.45888      5.47524    0.0030548      1.48201    -0.018617      13.9626    0.0186192   -0.0232191     -21.3918      13.4147
    0.537631 -0.000466427    -0.479933  -0.00204884     0.910649  0.000567019     0.413175 -0.000479975      -3.8008      4.59471      5.34732   0.00187295      2.06258   -0.0154632      13.9922    0.0180952   -0.0193743     -21.7276      13.7525
    0.517022 -0.000568887    -0.532901  -0.00202295     0.937373  0.000526052      0.34832 -0.000646254     -4.02573      4.73481      5.13011  0.000674984      2.63691   -0.0124479      14.0716     0.021209   -0.0138815     -23.2581      14.2671
    0.494566 -0.000677744    -0.586811  -0.00197249     0.959821  0.000469434     0.280604 -0.000764589      -4.2677      4.87882      4.82912 -0.000674399       3.2087  -0.00938171      14.4705    0.0222746  -0.00978558     -25.1364       14.535
   0.470366 -0.00079328   -0.639364 -0.00190474    0.977938 0.000391743    0.208884 -0.00085514    -4.52498       5.029     4.43023 -0.00200412     3.74879 -0.00638606     15.1254   0.0228171 -0.00832466    -26.3209     15.5017
    0.444409 -0.000915616    -0.690808  -0.00181568     0.991304  0.000290991      0.13158 -0.000935445     -4.80207      5.18386      3.92889  -0.00322387      4.22484  -0.00357468       16.263    0.0259481   -0.0077363     -29.0971      15.4704
    0.416659   -0.0010447    -0.740648  -0.00169066     0.998917  0.000161334     0.046502 -0.000998763     -5.11022      5.34162      3.30677  -0.00435783      4.58329  0.000659246      17.9147    0.0323049  -0.00492733     -32.5325       16.081
    0.387348  -0.00117992    -0.785861  -0.00151267     0.998829 -1.29412e-05   -0.0483644  -0.00100587     -5.45603      5.51074      2.54688  -0.00532527      4.73203   0.00813907      20.0462    0.0417467   0.00350694     -36.6296      17.7419
    0.357561  -0.00131846    -0.820771  -0.00126916     0.988124 -0.000256997    -0.153655 -0.000879475     -5.84356      5.70254      1.64362  -0.00586002      4.52866    0.0210601      22.3071    0.0534205    0.0217711     -40.8764      20.6182
    0.330097  -0.00145234    -0.837935 -0.000959603      0.96405 -0.000598803     -0.26572 -0.000492772      -6.2654      5.92674     0.629367  -0.00552935      3.82888    0.0407313      23.5669    0.0664597    0.0555694     -43.4917      24.2227
   0.309324 -0.00156843   -0.832233 0.000608225   -0.927398  0.00105146    0.374074 0.000338437    -6.69242     6.17996   -0.371474 -0.00402333     2.69269   0.0638923     22.2122   0.0774439    0.110672    -41.9108     26.4217
   0.298136 -0.00165689   -0.807105  0.00033103   -0.884588   0.0015634    0.466371  0.00173727    -7.08407     6.43425    -1.15096 -0.00162093     1.53147   0.0803375     18.5025   0.0529754    0.169094    -36.4211     24.4354
   0.295412  -0.0017172    -0.77273 0.000292625   -0.842898  0.00198832    0.538069  0.00349968    -7.41896     6.65585     -1.6291 0.000510098    0.678585   0.0796129     14.6819  -0.0104248    0.183388    -30.5557     19.8842
   0.298104 -0.00175517   -0.737559 0.000515383   -0.805732  0.00220601    0.592276  0.00521035    -7.70078     6.82953    -1.90814  0.00103357    0.110696   0.0650429     11.6123   -0.065346    0.158746    -25.8087     14.8516
   0.303813 -0.00177893   -0.705499 0.000894019   -0.773855  0.00221162    0.633359  0.00660043    -7.94007     6.95499    -2.08533 -8.4151e-05   -0.265925    0.046179     9.18959  -0.0982528     0.11927    -22.0495     10.2419
    0.31104  -0.0017957   -0.677185  0.00132776    -0.74722  0.00205741    0.664573  0.00757985    -8.14513     7.03868    -2.21395 -0.00227494    -0.51317   0.0283923     7.22442   -0.112275   0.0766141    -18.9619     6.49602
   0.318847 -0.00181084   -0.651528  0.00174891   -0.725544  0.00180626    0.688171  0.00813974    -8.32155     7.09031    -2.32125 -0.00499657    -0.66809   0.0138081      5.5924   -0.111334   0.0353642    -16.3229     3.82944
   0.326629 -0.00182813   -0.627089  0.00211335   -0.708438   0.0015188    0.705768  0.00830735    -8.47318     7.12081    -2.42101 -0.00782787   -0.754814  0.00313503     4.22411  -0.0982633 -0.00184226    -14.0017     2.26987
      0.334 -0.00185018   -0.603017  0.00239261    -0.69543   0.0012494    0.718589  0.00813414    -8.60281     7.14052    -2.51982  -0.0104369   -0.791045 -0.00357252     3.08135  -0.0757221  -0.0327999    -11.9261     1.67362
   0.340725 -0.00187871   -0.579375  0.00257093   -0.685992  0.00104242    0.727604  0.00769127    -8.71271     7.15775    -2.62033  -0.0125565   -0.790886 -0.00665836     2.13889  -0.0469168  -0.0557736    -10.0536      1.7721
   0.346684  -0.0019146   -0.556896  0.00264464   -0.679576 0.000928113      0.7336  0.00706259    -8.80474     7.17786    -2.72311  -0.0139851   -0.765746 -0.00674836     1.37365  -0.0156746  -0.0699632    -8.35198     2.24976
   0.351845 -0.00195803   -0.536531  0.00262148   -0.675652 0.000919887    0.737216  0.00633357    -8.88045     7.20322    -2.82785  -0.0146029   -0.724516 -0.00465205    0.760714   0.0140628  -0.0758403    -6.79063      2.8214
   0.356228 -0.00200855   -0.519084  0.00251861   -0.673743  0.00101448     0.73896  0.00557906    -8.94111     7.23371    -2.93394  -0.0143858   -0.673662 -0.00124689     0.27363    0.038989  -0.0750626    -5.33965     3.27614
   0.359892 -0.00206525   -0.505064  0.00235914   -0.673449  0.00119515    0.739229  0.00485391    -8.98766      7.2675    -3.04083  -0.0134043   -0.617464  0.00265307   -0.113677   0.0569855  -0.0699661    -3.97145     3.48322
   0.362913 -0.00212695   -0.494708  0.00216835   -0.674444  0.00143682    0.738321  0.00418957    -9.02083      7.3018    -3.14811   -0.011805   -0.558332  0.00641129   -0.425222    0.067242  -0.0629028    -2.66276     3.37691
   0.365369 -0.00219237   -0.488074  0.00197049   -0.676487  0.00171122     0.73645  0.00359647    -9.04112     7.33338    -3.25554 -0.00978199    -0.49714  0.00963139   -0.682153   0.0700234  -0.0557176    -1.39538     2.93869
   0.367335 -0.00226026   -0.485138   0.0017868     -0.6794  0.00199126    0.733763  0.00307037    -9.04888       7.359    -3.36302 -0.00754816    -0.43351     0.01216   -0.902799   0.0663095  -0.0495024   -0.155879     2.18433
   0.368868 -0.00232952   -0.485855  0.00163458   -0.683072  0.00225387    0.730346  0.00259982    -9.04433     7.37569    -3.47051  -0.0053118   -0.366059    0.014044     -1.1034   0.0574831  -0.0446063     1.06564     1.15537
   0.370012  -0.0023993   -0.490185  0.00152674   -0.687447  0.00248173    0.726229  0.00217271    -9.02762     7.38103    -3.57805 -0.00325878   -0.292628   0.0154624    -1.29923   0.0451207  -0.0408166     2.27718  -0.0877319
   0.370789 -0.00246903    -0.49809  0.00147183   -0.692523   0.0026641     0.72139  0.00178051     -8.9988     7.37323    -3.68575 -0.00153911   -0.210476   0.0166482    -1.50599   0.0308584  -0.0376232     3.48647    -1.47276
      0.3712  -0.00253847    -0.509508   0.00147395    -0.698356   0.00279674     0.715744    0.0014199     -8.95785      7.35125     -3.79367 -0.000256763    -0.116463    0.0178141     -1.74102    0.0162797   -0.0344984       4.7023     -2.92352
   0.371234 -0.00260774   -0.524332  0.00153295   -0.705062  0.00288129    0.709138  0.00109173    -8.90467     7.31479    -3.90187 0.000537101 -0.00721964   0.0190917    -2.02422  0.00279064  -0.0311365     5.93539    -4.36775
   0.370874 -0.00267726   -0.542399  0.00164484   -0.712824  0.00292387    0.701335 0.000797984      -8.839     7.26423    -4.01022 0.000845914    0.120707   0.0204948    -2.37823 -0.00851611  -0.0276119     7.19874    -5.74459
